92692
26757
59960
16765
59587
10011
19225
62823
89201
92891
22339
75225
19571
93116
40906
17594
98660
57677
95197
70692
41038
47082
90774
87261
64082
69507
77000
67299
94673
12125
30941
13514
62430
41874
95188
51717
20495
72924
23092
25937
59866
23125
9964
3012
8314
6687
13712
46422
29895
35359
93471
44135
66060
25377
19710
230
84398
32455
34357
25057
26013
62059
64436
83703
67556
27257
17742
87540
38927
51399
14081
38597
62666
37885
30560
61552
6037
54304
64478
83076
61843
3193
42303
43325
98959
76696
28278
49329
48620
17369
11149
5045
17479
32428
72540
77844
43432
33668
65491
86193
35244
349
56682
18306
61991
87298
10838
16517
83322
25499
20853
87152
36559
87435
12131
20655
21671
14448
74674
31750
50101
28384
1422
54386
48497
74782
36373
51238
33338
69882
60972
22536
97490
48716
72325
23981
74685
36537
31715
28510
72963
90866
86963
91690
93078
86411
97130
5479
72879
40139
13092
50165
23702
98744
92493
79194
49764
35791
52592
96694
66596
30813
89527
12449
59515
27597
17504
84076
48158
93946
6435
81187
48097
30183
21523
31296
45538
98653
93335
32235
26133
71490
71859
40842
23918
18921
43068
72695
81381
85376
11508
72651
36692
25640
77418
40959
79102
98368
61907
24707
38523
39163
58702
9379
320
60543
15974
70275
61307
51017
76769
68572
67980
70561
31549
1776
3007
64753
61375
43360
10974
44828
75219
31304
79405
5929
69957
90364
16089
80808
66530
97779
88714
51247
795
27223
17819
64471
72601
30745
39104
26812
81566
43467
76082
71884
3118
20813
89111
25551
83282
43022
91821
14939
55729
46730
50930
93762
9632
68360
10500
81230
61813
9107
6610
36802
11704
56284
63493
18055
82659
20771
87133
93923
78096
75365
97350
10580
6021
3769
64380
32241
50426
95008
40971
4124
93077
43011
6002
9857
14229
36162
60661
20595
25760
46545
43165
58102
15245
53677
53076
19067
4499
62484
1192
32934
51091
287
26061
50488
46341
2566
43101
85479
88337
22256
17379
56545
33460
22361
76026
1699
54958
36637
1333
62652
62065
8109
70531
61216
58192
40198
33270
15091
41698
20211
42818
65261
77772
99971
81989
12289
94914
43347
49822
83778
84562
75448
23
80238
7357
93250
47193
71662
34577
22418
81833
42046
78237
30103
60180
4133
88397
28445
59864
31646
21171
28596
17395
81265
5966
29982
88526
1632
65450
54606
97472
51634
66790
61130
66034
75237
7658
98527
38613
5129
65519
84040
44158
92457
63721
15241
61034
84891
32918
50945
75858
313
71311
20727
52289
68389
32242
47849
50808
37255
92665
95311
65494
67652
80982
69840
68813
61700
67786
43550
80439
98630
48015
78053
1115
74718
68032
60778
77586
69690
76146
88275
89592
86859
100
56263
74967
39272
80029
41182
33842
79117
10401
83030
77965
92669
69486
4227
16168
8031
39820
24307
91986
87950
48224
55160
14442
4940
78872
86627
48026
21032
37924
97193
52867
19359
73249
49552
91128
59885
77740
55805
40627
56515
29752
22057
81721
97878
49173
7188
48429
59013
72624
55543
59864
76270
76349
88334
72933
82642
256
63492
22369
25837
51676
38758
39076
16326
92307
97764
62821
77646
36902
23870
90285
96218
17190
31536
24482
92956
89553
89979
16578
63920
89972
98883
16097
62281
64769
942
70564
18868
30644
40987
40575
23571
42533
6458
21321
14834
72800
9010
86578
49550
30279
91993
96178
50580
72688
73585
32983
54189
90906
60348
60373
4654
68669
90956
16252
68315
46164
94878
84619
64322
41055
75767
10678
34368
5454
54336
50546
98643
22345
30475
71531
70298
69997
49372
44039
25680
7844
81421
91089
52594
62403
50660
86470
23864
16678
71527
17561
68467
31635
78676
53812
37483
53201
59643
86910
87160
83355
25108
33654
26320
18786
76530
17543
410
85664
55915
70098
9433
24014
87487
17925
82046
235
46021
46554
53072
51251
11613
57048
16720
88835
95648
56416
52736
17607
47720
47822
47796
45231
78297
11638
59374
88308
56871
93332
94365
2505
70365
39202
99726
90428
51576
46005
87402
65736
12398
15458
40799
77040
41615
29653
75073
20087
51998
88384
48496
91740
86511
74416
47174
64285
18352
37707
90371
83568
4633
14590
28711
19480
78422
22941
32532
22316
88955
99350
92628
63504
24755
69294
80689
64237
79438
66357
41663
40518
44956
41476
15332
18128
42067
28266
9358
96047
22777
55404
71062
61818
4523
22117
30204
87409
20871
77778
10045
59039
98492
71615
28922
19534
95167
63570
39633
26690
58618
12306
78890
56176
90895
81388
24093
2492
28105
29643
79712
56503
70253
76736
40510
63035
20940
59941
3923
87099
21709
23167
28803
42208
90778
4218
62840
59338
949
11323
85897
30
56450
4940
41543
42158
53461
25865
54033
91868
34124
35641
53014
221
68761
60299
53217
88039
26102
53442
61399
7470
16263
19683
7806
93812
16256
64462
24419
86069
12785
61240
17245
19798
22105
52115
4927
20736
71698
22842
20934
52728
53539
18300
1593
98475
83716
89403
7239
76619
28170
87481
48738
23678
79323
47147
16649
94342
93343
23656
35307
58649
22847
75784
89065
99568
4766
10225
92985
39482
88171
28556
5233
49111
11800
42734
3444
17364
66080
50193
72325
85664
99375
84521
74750
75241
53259
82746
3644
60916
36555
35249
36881
69893
72923
9315
42490
9069
81744
62335
6420
49391
77090
85677
80148
20747
94522
45254
70362
95949
80497
9780
18028
67282
4139
82754
39070
44160
76154
79162
23944
25404
84635
12946
18379
24632
82541
86226
32530
52321
86604
96296
50832
83006
72438
1431
39799
61179
75605
11493
76056
24367
33412
94365
41842
46926
27206
14227
60284
33054
9924
42699
67670
12554
28673
8840
45019
17844
77095
79053
56192
45744
37296
82880
64827
32545
96097
25729
27338
95890
45362
54534
84284
21963
1199
67355
97321
1521
1760
82966
4056
43273
68445
11403
88035
18116
40235
91533
86128
12771
15969
86612
80607
96298
64275
53897
48153
28026
85967
29286
63071
60427
38645
93029
76973
15409
58285
7502
22200
37590
37558
43098
11251
53031
45674
33191
29468
86968
99490
24259
43264
19049
20665
12117
71151
79596
38626
80325
89824
15390
24096
81750
72583
78528
62966
29328
82347
16836
5273
87020
66533
69374
49047
76981
26059
95528
43781
43973
55741
91236
23325
43018
78347
70833
2921
41312
19578
18039
191
50433
96240
34627
64805
29824
14862
40245
26625
