19105
60661
31231
6185
21363
13389
53339
46134
3336
97567
53231
65144
97732
50515
67368
68403
34324
27628
86163
29532
23711
14321
63679
74245
3997
43986
40481
73329
7074
84852
48752
20353
26128
83640
93841
94498
91011
78901
31371
33869
83116
21929
84058
69730
46417
68137
67354
97000
76279
26789
18102
81442
92708
81985
45294
28909
29668
22766
47104
67053
97122
45273
63327
14873
97396
14796
57364
40516
2568
653
46900
32692
24473
21758
27396
36122
33976
65780
57570
26384
11176
69786
970
24570
33153
75253
42810
77130
30914
95343
26184
51295
72176
57332
76829
21486
51622
8075
10540
47070
95282
95418
42415
66877
10663
63416
42043
60869
39287
24289
3789
54330
93257
94963
26315
64998
82513
11117
20473
18497
64405
56621
89720
82492
72228
71237
52178
94929
4354
24507
98509
86773
80614
68687
4704
24618
97556
8629
43979
23577
39234
51518
66860
5814
25156
24318
43650
5150
2033
71861
88391
43093
10989
73433
8453
26706
86837
40768
48932
43701
71097
85336
25937
55144
45377
67811
67971
11160
16757
67621
9491
40044
11831
35452
5827
86143
61029
16620
63580
96923
79875
58179
5644
84605
78814
37669
15000
12749
58251
76400
26407
83195
70438
25137
60149
23733
54858
35113
16962
1917
78739
52227
78302
15380
39344
97337
81063
34073
9675
20538
60923
94803
34230
42304
83428
73456
6455
19397
6972
85310
84538
98427
46810
88817
27171
44952
34239
93251
55939
61020
90094
95603
75959
29028
56693
97132
11419
44799
57389
74944
37665
27763
77839
8997
16453
21138
88160
89928
66037
19992
50100
58075
22703
90091
78358
49116
75423
65405
50212
46681
80229
37185
82573
67348
85991
72474
20628
28408
28208
24975
7198
73796
72463
26137
26950
58559
14185
69368
44619
17288
66361
25256
81363
66858
91824
50703
98405
18906
61777
79835
82094
2423
47180
9612
49527
21837
74647
18004
18883
1008
3489
77633
13587
88497
5552
52773
94474
24507
54476
92596
39063
94915
56031
58549
12111
22722
76165
48770
96567
72393
48399
7413
79067
67402
67220
31784
9127
46423
99101
15176
76164
8542
67798
88300
73475
22868
95565
47185
43337
2957
6910
80465
22354
71418
26574
33908
31192
65107
28308
75121
77848
56297
16162
46275
68589
90201
44875
17783
45710
64257
11016
80791
96237
99558
71547
41384
728
79814
71396
4409
16310
58241
86736
59780
13088
57769
15570
9177
8072
14950
72279
96027
65761
42979
67774
26640
59522
14184
81892
95421
12907
87410
59671
52015
65053
30665
88152
73305
29291
14435
35340
28131
39127
76037
57983
47638
713
80424
9774
39130
95966
27817
6667
6332
5460
83569
30894
63941
45256
30624
80368
59359
36770
70003
95080
39510
53872
19664
17159
25612
16307
87167
66213
83810
23613
16491
36593
4547
48662
34447
48245
28594
34958
47021
7758
82577
66860
61083
61271
11943
6830
31822
45870
24236
18889
61328
71121
80554
22385
98667
87371
98117
45241
16892
22470
51802
70809
67345
93544
87560
97469
36640
25463
85579
55132
56753
32649
36120
47760
43556
45855
15879
16066
64239
90568
77793
39527
58973
48663
92165
21846
67220
59965
2007
29011
34077
45340
80491
74092
97056
57973
3386
67902
78662
94463
74397
79690
35201
22381
66267
76974
37164
5931
65562
38685
81615
36348
33997
60738
61952
98687
24232
98190
45436
31626
12987
13107
33888
61946
39406
22308
7927
20303
61531
64084
80157
69954
68790
28080
7681
5062
13394
17451
39347
241
48517
37434
98097
17950
86169
29493
23820
5411
12634
95160
27116
37666
24387
78721
29322
88431
72351
2892
89233
35369
27410
76618
41877
31447
5057
19125
99759
98993
12072
69405
91939
28110
3109
75218
41363
86085
60103
80810
5810
69420
32369
57435
32872
55154
299
45865
4328
33081
50528
4996
70339
25538
75481
85714
98814
26378
35177
74142
90375
15787
44194
73432
34286
32569
71661
18214
5748
10559
67198
40870
29949
10785
50677
33752
63253
6033
28697
76505
66934
99454
25663
22607
73829
83840
42363
64310
73312
73237
79933
20068
64969
63504
92097
13645
56377
3482
53581
39006
5371
83406
57578
30152
32186
72191
80165
80034
51872
60256
74564
77679
2369
89501
83133
57683
68635
77089
79968
81204
28206
64685
82035
92589
68609
49767
91689
20791
51968
80670
58493
19702
27254
22002
73221
66552
15518
22061
31931
62509
18530
38901
33014
4625
26195
6693
95084
23267
23152
49011
8618
4169
19939
70689
59253
39260
59109
84892
85574
75380
71702
57036
59352
55066
84451
72203
1078
68508
3115
57684
68695
60841
22341
17303
82422
63907
37424
59149
73563
46621
58376
23365
70180
3091
51686
41638
57534
22634
60163
85011
76176
10808
76243
81691
45578
55636
69173
11455
26207
58125
91443
8334
57914
71252
14855
28173
37543
16535
71646
62752
23643
72344
1015
7073
81180
53081
26485
11474
4131
23385
14460
75200
78864
16485
89391
63077
76174
50855
5913
51935
84889
64305
3387
38401
24917
9649
93187
64729
2641
81098
54157
44285
96543
65503
36626
93342
85934
37607
356
816
60726
43433
36820
92599
75080
40956
51214
72096
32857
92194
4571
43660
17756
25865
41387
50512
6021
14747
53137
83817
24616
36880
53079
44548
42754
14753
62734
64787
9675
51619
35430
20084
76557
9070
67309
89539
65459
95029
71173
45228
73179
56275
13577
77626
22921
94668
40548
88660
1665
51196
42320
9036
46122
26993
32488
21486
65171
35465
41955
96561
11674
4670
53073
72621
41541
74083
24369
36671
22957
54897
81242
87665
83653
47997
73019
88924
9095
38741
21774
41323
29527
12702
13288
33867
58697
61496
5539
53316
72209
72851
55128
59475
38366
24048
87010
57822
39400
22881
57944
26085
45978
65269
89036
76428
32876
3664
67763
59868
48718
45410
44893
44595
77654
25158
76656
24793
55888
20523
87591
41646
30930
5084
54433
23128
76475
57893
36449
74261
787
73621
2601
74440
11492
42487
30936
63496
24662
94108
80587
23121
31081
24413
61778
85308
57585
49764
54227
24427
86376
57409
49329
14606
20174
46433
16521
59029
6140
78328
19211
22810
56409
81329
30659
26083
28169
77656
25216
78931
51157
27808
45296
64819
15451
11036
69475
4157
57477
86155
32115
54635
7096
1811
69893
29971
83679
50377
95638
43720
54040
84579
24849
9769
90153
41027
5310
56181
89498
39770
25163
34001
45968
54027
99854
27693
84198
69232
63328
