23
30
100
191
221
230
235
241
256
287
299
313
320
349
356
410
653
713
728
787
795
816
942
949
970
1008
1015
1078
1115
1192
1199
1333
1422
1431
1521
1593
1632
1665
1699
1760
1776
1811
1917
2007
2033
2369
2423
2492
2505
2566
2568
2601
2641
2892
2921
2957
3007
3012
3091
3109
3115
3118
3193
3336
3386
3387
3444
3482
3489
3644
3664
3769
3789
3923
3997
4056
4124
4131
4133
4139
4157
4169
4218
4227
4328
4354
4409
4499
4523
4547
4571
4625
4633
4654
4670
4704
4766
4927
4940
4940
4996
5045
5057
5062
5084
5129
5150
5233
5273
5310
5371
5411
5454
5460
5479
5539
5552
5644
5748
5810
5814
5827
5913
5929
5931
5966
6002
6021
6021
6033
6037
6140
6185
6332
6420
6435
6455
6458
6610
6667
6687
6693
6830
6910
6972
7073
7074
7096
7188
7198
7239
7357
7413
7470
7502
7658
7681
7758
7806
7844
7927
8031
8072
8075
8109
8314
8334
8453
8542
8618
8629
8840
8997
9010
9036
9069
9070
9095
9107
9127
9177
9315
9358
9379
9433
9491
9612
9632
9649
9675
9675
9769
9774
9780
9857
9924
9964
10011
10045
10225
10401
10500
10540
10559
10580
10663
10678
10785
10808
10838
10974
10989
11016
11036
11117
11149
11160
11176
11251
11323
11403
11419
11455
11474
11492
11493
11508
11613
11638
11674
11704
11800
11831
11943
12072
12111
12117
12125
12131
12289
12306
12398
12449
12554
12634
12702
12749
12771
12785
12907
12946
12987
13088
13092
13107
13288
13389
13394
13514
13577
13587
13645
13712
14081
14184
14185
14227
14229
14321
14435
14442
14448
14460
14590
14606
14747
14753
14796
14834
14855
14862
14873
14939
14950
15000
15091
15176
15241
15245
15332
15380
15390
15409
15451
15458
15518
15570
15787
15879
15969
15974
16066
16089
16097
16162
16168
16252
16256
16263
16307
16310
16326
16453
16485
16491
16517
16521
16535
16578
16620
16649
16678
16720
16757
16765
16836
16892
16962
17159
17190
17245
17288
17303
17364
17369
17379
17395
17451
17479
17504
17543
17561
17594
17607
17742
17756
17783
17819
17844
17925
17950
18004
18028
18039
18055
18102
18116
18128
18214
18300
18306
18352
18379
18497
18530
18786
18868
18883
18889
18906
18921
19049
19067
19105
19125
19211
19225
19359
19397
19480
19534
19571
19578
19664
19683
19702
19710
19798
19939
19992
20068
20084
20087
20174
20211
20303
20353
20473
20495
20523
20538
20595
20628
20655
20665
20727
20736
20747
20771
20791
20813
20853
20871
20934
20940
21032
21138
21171
21321
21363
21486
21486
21523
21671
21709
21758
21774
21837
21846
21929
21963
22002
22057
22061
22105
22117
22200
22256
22308
22316
22339
22341
22345
22354
22361
22369
22381
22385
22418
22470
22536
22607
22634
22703
22722
22766
22777
22810
22842
22847
22868
22881
22921
22941
22957
23092
23121
23125
23128
23152
23167
23267
23325
23365
23385
23571
23577
23613
23643
23656
23678
23702
23711
23733
23820
23864
23870
23918
23944
23981
24014
24048
24093
24096
24232
24236
24259
24289
24307
24318
24367
24369
24387
24413
24419
24427
24473
24482
24507
24507
24570
24616
24618
24632
24662
24707
24755
24793
24849
24917
24975
25057
25108
25137
25156
25158
25163
25216
25256
25377
25404
25463
25499
25538
25551
25612
25640
25663
25680
25729
25760
25837
25865
25865
25937
25937
26013
26059
26061
26083
26085
26102
26128
26133
26137
26184
26195
26207
26315
26320
26378
26384
26407
26485
26574
26625
26640
26690
26706
26757
26789
26812
26950
26993
27116
27171
27206
27223
27254
27257
27338
27396
27410
27597
27628
27693
27763
27808
27817
28026
28080
28105
28110
28131
28169
28170
28173
28206
28208
28266
28278
28308
28384
28408
28445
28510
28556
28594
28596
28673
28697
28711
28803
28909
28922
29011
29028
29286
29291
29322
29328
29468
29493
29527
29532
29643
29653
29668
29752
29824
29895
29949
29971
29982
30103
30152
30183
30204
30279
30475
30560
30624
30644
30659
30665
30745
30813
30894
30914
30930
30936
30941
31081
31192
31231
31296
31304
31371
31447
31536
31549
31626
31635
31646
31715
31750
31784
31822
31931
32115
32186
32235
32241
32242
32369
32428
32455
32488
32530
32532
32545
32569
32649
32692
32857
32872
32876
32918
32934
32983
33014
33054
33081
33153
33191
33270
33338
33412
33460
33654
33668
33752
33842
33867
33869
33888
33908
33976
33997
34001
34073
34077
34124
34230
34239
34286
34324
34357
34368
34447
34577
34627
34958
35113
35177
35201
35244
35249
35307
35340
35359
35369
35430
35452
35465
35641
35791
36120
36122
36162
36348
36373
36449
36537
36555
36559
36593
36626
36637
36640
36671
36692
36770
36802
36820
36880
36881
36902
37164
37185
37255
37296
37424
37434
37483
37543
37558
37590
37607
37665
37666
37669
37707
37885
37924
38366
38401
38523
38597
38613
38626
38645
38685
38741
38758
38901
38927
39006
39063
39070
39076
39104
39127
39130
39163
39202
39234
39260
39272
39287
39344
39347
39400
39406
39482
39510
39527
39633
39770
39799
39820
40044
40139
40198
40235
40245
40481
40510
40516
40518
40548
40575
40627
40768
40799
40842
40870
40906
40956
40959
40971
40987
41027
41038
41055
41182
41312
41323
41363
41384
41387
41476
41541
41543
41615
41638
41646
41663
41698
41842
41874
41877
41955
42043
42046
42067
42158
42208
42303
42304
42320
42363
42415
42487
42490
42533
42699
42734
42754
42810
42818
42979
43011
43018
43022
43068
43093
43098
43101
43165
43264
43273
43325
43337
43347
43360
43432
43433
43467
43550
43556
43650
43660
43701
43720
43781
43973
43979
43986
44039
44135
44158
44160
44194
44285
44548
44595
44619
44799
44828
44875
44893
44952
44956
45019
45228
45231
45241
45254
45256
45273
45294
45296
45340
45362
45377
45410
45436
45538
45578
45674
45710
45744
45855
45865
45870
45968
45978
46005
46021
46122
46134
46164
46275
46341
46417
46422
46423
46433
46545
46554
46621
46681
46730
46810
46900
46926
47021
47070
47082
47104
47147
47174
47180
47185
47193
47638
47720
47760
47796
47822
47849
47997
48015
48026
48097
48153
48158
48224
48245
48399
48429
48496
48497
48517
48620
48662
48663
48716
48718
48738
48752
48770
48932
49011
49047
49111
49116
49173
49329
49329
49372
49391
49527
49550
49552
49764
49764
49767
49822
50100
50101
50165
50193
50212
50377
50426
50433
50488
50512
50515
50528
50546
50580
50660
50677
50703
50808
50832
50855
50930
50945
51017
51091
51157
51196
51214
51238
51247
51251
51295
51399
51518
51576
51619
51622
51634
51676
51686
51717
51802
51872
51935
51968
51998
52015
52115
52178
52227
52289
52321
52592
52594
52728
52736
52773
52867
53014
53031
53072
53073
53076
53079
53081
53137
53201
53217
53231
53259
53316
53339
53442
53461
53539
53581
53677
53812
53872
53897
54027
54033
54040
54157
54189
54227
54304
54330
54336
54386
54433
54476
54534
54606
54635
54858
54897
54958
55066
55128
55132
55144
55154
55160
55404
55543
55636
55729
55741
55805
55888
55915
55939
56031
56176
56181
56192
56263
56275
56284
56297
56377
56409
56416
56450
56503
56515
56545
56621
56682
56693
56753
56871
57036
57048
57332
57364
57389
57409
57435
57477
57534
57570
57578
57585
57677
57683
57684
57769
57822
57893
57914
57944
57973
57983
58075
58102
58125
58179
58192
58241
58251
58285
58376
58493
58549
58559
58618
58649
58697
58702
58973
59013
59029
59039
59109
59149
59253
59338
59352
59359
59374
59475
59515
59522
59587
59643
59671
59780
59864
59864
59866
59868
59885
59941
59960
59965
60103
60149
60163
60180
60256
60284
60299
60348
60373
60427
60543
60661
60661
60726
60738
60778
60841
60869
60916
60923
60972
61020
61029
61034
61083
61130
61179
61216
61240
61271
61307
61328
61375
61399
61496
61531
61552
61700
61777
61778
61813
61818
61843
61907
61946
61952
61991
62059
62065
62281
62335
62403
62430
62484
62509
62652
62666
62734
62752
62821
62823
62840
62966
63035
63071
63077
63253
63327
63328
63416
63492
63493
63496
63504
63504
63570
63580
63679
63721
63907
63920
63941
64082
64084
64237
64239
64257
64275
64285
64305
64310
64322
64380
64405
64436
64462
64471
64478
64685
64729
64753
64769
64787
64805
64819
64827
64969
64998
65053
65107
65144
65171
65261
65269
65405
65450
65459
65491
65494
65503
65519
65562
65736
65761
65780
66034
66037
66060
66080
66213
66267
66357
66361
66530
66533
66552
66596
66790
66858
66860
66860
66877
66934
67053
67198
67220
67220
67282
67299
67309
67345
67348
67354
67355
67368
67402
67556
67621
67652
67670
67763
67774
67786
67798
67811
67902
67971
67980
68032
68137
68315
68360
68389
68403
68445
68467
68508
68572
68589
68609
68635
68669
68687
68695
68761
68790
68813
69173
69232
69294
69368
69374
69405
69420
69475
69486
69507
69690
69730
69786
69840
69882
69893
69893
69954
69957
69997
70003
70098
70180
70253
70275
70298
70339
70362
70365
70438
70531
70561
70564
70689
70692
70809
70833
71062
71097
71121
71151
71173
71237
71252
71311
71396
71418
71490
71527
71531
71547
71615
71646
71661
71662
71698
71702
71859
71861
71884
72096
72176
72191
72203
72209
72228
72279
72325
72325
72344
72351
72393
72438
72463
72474
72540
72583
72601
72621
72624
72651
72688
72695
72800
72851
72879
72923
72924
72933
72963
73019
73179
73221
73237
73249
73305
73312
73329
73432
73433
73456
73475
73563
73585
73621
73796
73829
74083
74092
74142
74245
74261
74397
74416
74440
74564
74647
74674
74685
74718
74750
74782
74944
74967
75073
75080
75121
75200
75218
75219
75225
75237
75241
75253
75365
75380
75423
75448
75481
75605
75767
75784
75858
75959
76026
76037
76056
76082
76146
76154
76164
76165
76174
76176
76243
76270
76279
76349
76400
76428
76475
76505
76530
76557
76618
76619
76656
76696
76736
76769
76829
76973
76974
76981
77000
77040
77089
77090
77095
77130
77418
77586
77626
77633
77646
77654
77656
77679
77740
77772
77778
77793
77839
77844
77848
77965
78053
78096
78237
78297
78302
78328
78347
78358
78422
78528
78662
78676
78721
78739
78814
78864
78872
78890
78901
78931
79053
79067
79102
79117
79162
79194
79323
79405
79438
79596
79690
79712
79814
79835
79875
79933
79968
80029
80034
80148
80157
80165
80229
80238
80325
80368
80424
80439
80465
80491
80497
80554
80587
80607
80614
80670
80689
80791
80808
80810
80982
81063
81098
81180
81187
81204
81230
81242
81265
81329
81363
81381
81388
81421
81442
81566
81615
81691
81721
81744
81750
81833
81892
81985
81989
82035
82046
82094
82347
82422
82492
82513
82541
82573
82577
82642
82659
82746
82754
82880
82966
83006
83030
83076
83116
83133
83195
83282
83322
83355
83406
83428
83568
83569
83640
83653
83679
83703
83716
83778
83810
83817
83840
84040
84058
84076
84198
84284
84398
84451
84521
84538
84562
84579
84605
84619
84635
84852
84889
84891
84892
85011
85308
85310
85336
85376
85479
85574
85579
85664
85664
85677
85714
85897
85934
85967
85991
86069
86085
86128
86143
86155
86163
86169
86193
86226
86376
86411
86470
86511
86578
86604
86612
86627
86736
86773
86837
86859
86910
86963
86968
87010
87020
87099
87133
87152
87160
87167
87261
87298
87371
87402
87409
87410
87435
87481
87487
87540
87560
87591
87665
87950
88035
88039
88152
88160
88171
88275
88300
88308
88334
88337
88384
88391
88397
88431
88497
88526
88660
88714
88817
88835
88924
88955
89036
89065
89111
89201
89233
89391
89403
89498
89501
89527
89539
89553
89592
89720
89824
89928
89972
89979
90091
90094
90153
90201
90285
90364
90371
90375
90428
90568
90774
90778
90866
90895
90906
90956
91011
91089
91128
91236
91443
91533
91689
91690
91740
91821
91824
91868
91939
91986
91993
92097
92165
92194
92307
92457
92493
92589
92596
92599
92628
92665
92669
92692
92708
92891
92956
92985
93029
93077
93078
93116
93187
93250
93251
93257
93332
93335
93342
93343
93471
93544
93762
93812
93841
93923
93946
94108
94342
94365
94365
94463
94474
94498
94522
94668
94673
94803
94878
94914
94915
94929
94963
95008
95029
95080
95084
95160
95167
95188
95197
95282
95311
95343
95418
95421
95528
95565
95603
95638
95648
95890
95949
95966
96027
96047
96097
96178
96218
96237
96240
96296
96298
96543
96561
96567
96694
96923
97000
97056
97122
97130
97132
97193
97321
97337
97350
97396
97469
97472
97490
97556
97567
97732
97764
97779
97878
98097
98117
98190
98368
98405
98427
98475
98492
98509
98527
98630
98643
98653
98660
98667
98687
98744
98814
98883
98959
98993
99101
99350
99375
99454
99490
99558
99568
99726
99759
99854
99971
